UNIT_DENSITY: 1.0000000000e-23
UNIT_LENGTH: 9.3214666667e+09
UNIT_VELOCITY: 1.0000000000e+05
